1	-70.76709	43.50788
2	-68.415817	44.856017
3	-68.41081	44.831733
4	-68.396077	44.8625
5	-68.411587	44.855217
6	-68.83422	44.79044
7	-68.83723	44.79794
8	-68.78882	44.80195
9	-69.51235	44.58715
10	-69.98714	43.89274
11	-70.008217	43.935533
12	-69.98465	43.916783
13	-70.469383	43.59865
14	-70.252717	43.819133
15	-69.58153	43.97081
16	-67.2789	44.8853
17	-68.36858	44.60868
18	-69.75086	43.80073
19	-68.904683	44.627483
20	-70.080133	43.856667
21	-70.110917	43.87105
22	-70.1331	43.8005
23	-67.82938	45.17524
24	-67.965	45.18357
25	-69.46204	45.695279
26	-69.669413	45.708404
27	-68.79021	44.78044
28	-68.70609	44.87251
29	-68.839386	44.725234
30	-68.83836	44.72599
31	-68.81382	44.76887
32	-69.5752	44.13133
33	-69.46122	44.22778
34	-69.57211	44.1574
35	-67.5263	44.70088
36	-70.87366	44.2119
37	-70.9356	44.18099
38	-67.5263	44.72039
39	-69.30656	44.44843
40	-69.5885	43.9913
41	-70.61281	43.24324
42	-68.78225	44.888583
43	-68.722867	44.895533
44	-68.68752	44.8981
45	-68.70531	44.87286
46	-68.68915	44.93884
47	-68.6713	44.93901
48	-70.40891	44.82591
49	-69.3681	44.79525
50	-70.203017	43.94315
51	-69.56431	43.87555
52	-70.36169	43.55003
53	-70.38015	43.60163
54	-68.93039	44.49271
55	-70.67239	43.90471
56	-70.79466	43.50199
57	-69.70481	44.42603
58	-69.74332	44.7757
59	-69.59269	44.76549
60	-69.91174	44.77255
61	-69.92757	44.77752
62	-68.16853	44.52482
63	-70.69041	43.28084
64	-69.976483	43.954483
65	-67.15285	44.80536
66	-70.024217	44.180917
67	-70.035417	44.366033
68	-70.36393	43.74574
69	-70.55378	43.34105
70	-70.55058	43.340982
71	-70.59468	43.31988
72	-70.0009	45.39568
73	-69.99004	45.04434
74	-69.78388	45.09518
75	-69.893033	44.22255
76	-67.54623	44.78317
77	-70.26837	44.61431
78	-69.693833	43.960033
79	-70.454206	45.023405
80	-70.50822	44.92064
81	-70.45364	44.73882
82	-69.807	43.9494
83	-70.548683	44.4036
84	-70.205483	43.79115
85	-69.944283	43.98565
86	-70.176717	43.812283
87	-70.71255	43.175521
